1031
1035
1041
1046
1054
1091
1097
1099
1112
1115
1141
1142
1142
1143
1144
1151
1153
1157
1159
1161
1171
1184
1234
1235
1249
1252
1254
1265
1265
1267
1273
1276
1281
1282
1292
1293
1299
1302
1308
1324
1328
1333
1338
1358
1366
1371
1373
1376
1378
1389
1390
1399
1400
1400
1404
1405
1410
1411
1428
1436
1436
1438
1445
1448
1451
1452
1454
1454
1491
1494
1499
1510
1513
1516
1525
1527
1529
1535
1536
1540
1543
1560
1577
1578
1581
1584
1594
1595
1595
1601
1627
1628
1637
1647
1648
1660
1666
1671
1681
1687
1687
1691
1696
1701
1708
1719
1719
1726
1729
1731
1744
1749
1751
1752
1757
1760
1776
1777
1779
1782
1794
1794
1798
1800
1806
1812
1819
1827
1840
1840
1847
1849
1856
1864
1870
1875
1875
1876
1880
1881
1894
1894
1908
1912
1918
1921
1925
1935
1942
1945
1945
1952
1954
1960
1971
1979
1985
1986
1997
1997
2023
2029
2030
2031
2039
2043
2047
2052
2054
2054
2056
2058
2063
2066
2069
2084
2103
2105
2109
2113
2125
2126
2153
2156
2158
2158
2170
2175
2182
2208
2213
2220
2223
2224
2240
2242
2255
2267
2270
2287
2290
2307
2308
2313
2315
2318
2342
2348
2349
2389
2397
2398
2402
2406
2438
2450
2470
2472
2474
2477
2483
2486
2486
2501
2507
2508
2532
2542
2550
2552
2559
2559
2559
2562
2567
2578
2582
2589
2594
2605
2612
2613
2618
2620
2624
2627
2629
2652
2652
2661
2663
2666
2679
2679
2682
2685
2688
2700
2710
2713
2721
2728
2734
2739
2748
2749
2750
2759
2768
2792
2798
2801
2801
2802
2814
2818
2818
2821
2828
2834
2836
2846
2863
2871
2877
2886
2893
2893
2894
2903
2909
2920
2925
2936
2942
2951
2956
2960
2960
2967
2970
2982
2986
3021
3030
3038
3045
3054
3074
3108
3117
3128
3133
3134
3135
3163
3166
3171
3180
3201
3210
3216
3218
3222
3223
3226
3267
3269
3270
3295
3298
3329
3338
3341
3350
3350
3355
3370
3374
3380
3383
3396
3397
3399
3413
3414
3446
3447
3453
3460
3474
3478
3479
3481
3483
3504
3510
3515
3516
3537
3543
3546
3555
3558
3574
3583
3595
3600
3621
3639
3640
3645
3646
3661
3661
3663
3670
3675
3691
3699
3703
3706
3714
3720
3722
3726
3732
3744
3752
3757
3766
3769
3769
3774
3777
3779
3786
3787
3793
3807
3811
3825
3830
3834
3845
3853
3858
3870
3888
3888
3904
3904
3914
3918
3919
3922
3930
3944
3997
3998
4027
4029
4032
4036
4037
4048
4054
4056
4057
4069
4084
4086
4089
4091
4092
4094
4132
4134
4136
4168
4170
4176
4207
4229
4233
4237
4260
4260
4263
4268
4276
4299
4307
4318
4354
4398
4422
4423
4429
4438
4447
4483
4492
4516
4562
4577
4612
4613
4615
4618
4640
4642
4646
4664
4688
4695
4697
4729
4754
4768
4769
4774
4775
4783
4794
4808
4810
4827
4829
4869
4878
4891
4900
4908
4922
4926
4934
4954
4958
4969
4973
4980
4987
4993
5001
5004
5009
5011
5038
5043
5056
5057
5074
5079
5088
5089
5111
5124
5130
5133
5135
5143
5177
5203
5207
5213
5219
5244
5266
5285
5320
5351
5388
5401
5422
5427
5450
5457
5504
5507
5535
5535
5541
5544
5562
5563
5564
5574
5603
5634
5640
5648
5654
5669
5670
5679
5702
5717
5765
5773
5833
5851
5880
5907
5933
5997
5998
6001
6002
6011
6108
6114
6124
6140
6158
6160
6162
6162
6164
6164
6171
6199
6205
6224
6226
6245
6265
6275
6275
6300
6328
6343
6350
6353
6424
6434
6468
6480
6502
6544
6559
6564
6569
6579
6591
6612
6620
6626
6631
6639
6640
6658
6709
6737
6774
6785
6807
6840
6841
6858
6862
6874
6875
6876
6886
6888
6904
6906
6912
6966
6968
6993
6997
7009
7025
7051
7081
7104
7125
7173
7217
7222
7237
7241
7241
7263
7275
7294
7307
7315
7327
7404
7413
7416
7429
7444
7496
7497
7545
7563
7587
7588
7614
7623
7628
7633
7636
7643
7645
7655
7656
7676
7690
7691
7714
7726
7732
7734
7745
7753
7754
7759
7765
7785
7786
7864
7955
7958
7977
8018
8060
8093
8096
8099
8111
8115
8134
8136
8144
8156
8164
8176
8184
8196
8211
8260
8296
8317
8325
8332
8334
8345
8391
8410
8429
8438
8453
8459
8514
8523
8539
8547
8556
8560
8597
8658
8667
8668
8689
8691
8741
8742
8752
8813
8825
8831
8833
8841
8855
8861
8913
8929
8948
8954
8957
8973
8985
9117
9142
9144
9145
9172
9187
9191
9192
9198
9217
9245
9253
9258
9284
9306
9312
9316
9317
9379
9478
9494
9514
9531
9543
9562
9576
9586
9605
9609
9618
9647
9665
9673
9685
9686
9695
9735
9753
9770
9778
9783
9839
9858
9888
10017
10039
10042
10049
10055
10109
10137
10143
10189
10199
10285
10311
10318
10373
10396
10401
10406
10451
10455
10485
10487
10487
10520
10549
10565
10621
10655
10671
10675
10685
10701
10721
10738
10741
10756
10775
10795
10802
10804
10821
10860
10952
11000
11008
11012
11022
11025
11046
11054
11063
11091
11096
11107
11172
11208
11213
11249
11275
11280
11336
11350
11359
11375
11442
11470
11482
11484
11499
11513
11515
11521
11522
11538
11615
11652
11673
11681
11692
11736
11757
11763
11769
11786
11829
11845
11847
11848
11864
11896
11901
11911
11917
11917
11930
11933
11935
11961
12037
12075
12097
12130
12132
12135
12222
12234
12243
12271
12367
12387
12411
12451
12454
12519
12529
12547
12584
12610
12614
12651
12713
12739
12744
12812
12828
12851
12852
12859
12906
12908
12919
12930
12974
12989
13014
13060
13064
13075
13098
13146
13162
13242
13307
13343
13377
13396
13414
13440
13463
13505
13521
13554
13556
13567
13612
13626
13631
13633
13651
13655
13719
13754
13755
13809
13838
13858
13871
13877
13882
13918
13975
13978
13990
14002
14011
14023
14091
14096
14178
14237
14241
14261
14278
14286
14346
14488
14500
14537
14586
14669
14689
14714
14732
14779
14783
14797
14799
14819
14853
14860
14878
14905
14924
15002
15020
15024
15044
15068
15149
15151
15151
15156
15206
15268
15270
15278
15310
15320
15330
15384
15393
15414
15424
15447
15450
15464
15516
15523
15534
15548
15557
15588
15611
15637
15697
15707
15708
15744
15767
15796
15987
16031
16128
16137
16145
16168
16182
16186
16188
16202
16274
16285
16305
16336
16474
16517
16617
16651
16660
16722
16727
16735
16736
16779
16813
16836
16847
16900
17011
17041
17057
17120
17143
17165
17166
17189
17211
17233
17254
17312
17315
17337
17475
17509
17594
17639
17665
17667
17668
17688
17695
17722
17738
17794
17833
17924
17929
18034
18062
18099
18134
18139
18194
18277
18298
18388
18450
18463
18531
18588
18624
18630
18673
18695
18731
18802
18852
18857
18894
18998
19024
19061
19088
19102
19109
19164
19359
19400
19408
19471
19557
19646
19701
19714
19718
19804
19810
19813
19894
19936
19954
19965
20023
20028
20037
20047
20151
20157
20160
20164
20226
20246
20256
20258
20259
20315
20339
20382
20431
20454
20532
20540
20544
20571
20588
20666
20679
20720
20786
20821
20856
20877
20933
20956
21044
21052
21116
21150
21294
21307
21327
21348
21400
21523
21558
21660
21768
21771
21772
21829
21944
21974
22028
22249
22262
22267
22280
22336
22434
22503
22566
22837
22898
23164
23190
23218
23252
23268
23275
23477
23507
23552
23592
23609
23776
23828
23918
24037
24037
24053
24132
24135
24148
24267
24332
24534
24747
25454
25529
25688
25976
26032
26082
26125
26174
26224
26226
26597
26603
26774
26783
27579
27610
28265
28319
28663
29190
29266
30222
30483
30924
32068
32675
33958
37759
37776
40196
41342
