      Tig     Reads    Length         Area  Memory GB  Partition    Data GB
--------- --------- --------- ------------  ---------  ---------  ---------
        1     10023   4678513  46892735799      4.462          1      0.022
        2         1      2330         2330      0.002          2      0.000
        3         1      1575         1575      0.002          2      0.000
        4         1      1233         1233      0.001          2      0.000
        5         1      1424         1424      0.001          2      0.000
        6         1      5995         5995      0.006          2      0.000
        7         1      1364         1364      0.001          2      0.000
        8         1      1169         1169      0.001          2      0.000
        9         1      2557         2557      0.002          2      0.000
       10         1      4561         4561      0.004          2      0.000
       11         1      3749         3749      0.004          2      0.000
       12         1      4704         4704      0.004          2      0.000
       13         1      1038         1038      0.001          2      0.000
       14         1      6308         6308      0.006          2      0.000
       15         1      2525         2525      0.002          2      0.000
       16         1      5036         5036      0.005          2      0.000
       17         1      1129         1129      0.001          2      0.000
       18         1      4696         4696      0.004          2      0.000
       19         1      2802         2802      0.003          2      0.000
       20         1      3831         3831      0.004          2      0.000
       21         1      1239         1239      0.001          2      0.000
       22         1      1953         1953      0.002          2      0.000
       23         1      5579         5579      0.005          2      0.000
       24         1      1390         1390      0.001          2      0.000
       25         1      1130         1130      0.001          2      0.000
       26         1      4087         4087      0.004          2      0.000
       27         1      7004         7004      0.007          2      0.000
       28         1      2247         2247      0.002          2      0.000
       29         1      1313         1313      0.001          2      0.000
       30         1      2852         2852      0.003          2      0.000
       31         1      2083         2083      0.002          2      0.000
       32         1      1849         1849      0.002          2      0.000
       33         1      1397         1397      0.001          2      0.000
       34         1      2245         2245      0.002          2      0.000
       35         1      1363         1363      0.001          2      0.000
       36         1      1335         1335      0.001          2      0.000
       37         1      1805         1805      0.002          2      0.000
       38         1      2949         2949      0.003          2      0.000
       39         1      4978         4978      0.005          2      0.000
       40         1      2376         2376      0.002          2      0.000
       41         1      4662         4662      0.004          2      0.000
       42         1      6126         6126      0.006          2      0.000
       43         1      1302         1302      0.001          2      0.000
       44         1      5867         5867      0.006          2      0.000
       45         1      1933         1933      0.002          2      0.000
       46         1      1086         1086      0.001          2      0.000
       47         1      2046         2046      0.002          2      0.000
       48         1      9607         9607      0.009          2      0.000
       49         1      2819         2819      0.003          2      0.000
       50         1      2072         2072      0.002          2      0.000
       51         1      1274         1274      0.001          2      0.000
       52         1     11044        11044      0.011          2      0.000
       53         1      2108         2108      0.002          2      0.000
       54         1      9414         9414      0.009          2      0.000
       55         1      3683         3683      0.004          2      0.000
       56         1      1047         1047      0.001          2      0.000
       57         1      2719         2719      0.003          2      0.000
       58         1      1882         1882      0.002          2      0.000
       59         1      1834         1834      0.002          2      0.000
       60         1      4862         4862      0.005          2      0.000
       61         1      2428         2428      0.002          2      0.000
       62         1      3132         3132      0.003          2      0.000
       63         1      4160         4160      0.004          2      0.000
       64         1      4513         4513      0.004          2      0.000
       65         1      3958         3958      0.004          2      0.000
       66         1      8053         8053      0.008          2      0.000
       67         1      2765         2765      0.003          2      0.000
       68         1      2199         2199      0.002          2      0.000
       69         1      3928         3928      0.004          2      0.000
       70         1      1496         1496      0.001          2      0.000
       71         1      1005         1005      0.001          2      0.000
       72         1      1932         1932      0.002          2      0.000
       73         1      1981         1981      0.002          2      0.000
       74         1      2590         2590      0.002          2      0.000
       75         1      5819         5819      0.006          2      0.000
       76         1      1243         1243      0.001          2      0.000
       77         1      2662         2662      0.003          2      0.000
       78         1      1154         1154      0.001          2      0.000
       79         1      2224         2224      0.002          2      0.000
       80         1      1061         1061      0.001          2      0.000
       81         1      1592         1592      0.002          2      0.000
       82         1      3750         3750      0.004          2      0.000
       83         1      2789         2789      0.003          2      0.000
       84         1      1887         1887      0.002          2      0.000
       85         1      2005         2005      0.002          2      0.000
       86         1      4063         4063      0.004          2      0.000
       87         1      1581         1581      0.002          2      0.000
       88         1      2965         2965      0.003          2      0.000
       89         1      1756         1756      0.002          2      0.000
       90         1      1305         1305      0.001          2      0.000
       91         1      5452         5452      0.005          2      0.000
       92         1      2204         2204      0.002          2      0.000
       93         1      5490         5490      0.005          2      0.000
       94         1      5118         5118      0.005          2      0.000
       95         1      1912         1912      0.002          2      0.000
       96         1     12876        12876      0.012          2      0.000
       97         1      7899         7899      0.008          2      0.000
       98         1     18462        18462      0.018          2      0.000
       99         1      5003         5003      0.005          2      0.000
      100         1      2751         2751      0.003          2      0.000
      101         1      1136         1136      0.001          2      0.000
      102         1      1128         1128      0.001          2      0.000
      103         1      1172         1172      0.001          2      0.000
      104         1     18347        18347      0.017          2      0.000
      105         1      2799         2799      0.003          2      0.000
      106         1      2430         2430      0.002          2      0.000
      107         1      1378         1378      0.001          2      0.000
      108         1      2483         2483      0.002          2      0.000
      109         1      4022         4022      0.004          2      0.000
      110         1      1133         1133      0.001          2      0.000
      111         1      3246         3246      0.003          2      0.000
      112         1      1266         1266      0.001          2      0.000
      113         1      1218         1218      0.001          2      0.000
      114         1      2203         2203      0.002          2      0.000
      115         1      1306         1306      0.001          2      0.000
      116         1      1442         1442      0.001          2      0.000
      117         1      2040         2040      0.002          2      0.000
      118         1      1145         1145      0.001          2      0.000
      119         1      1446         1446      0.001          2      0.000
      120         1      1387         1387      0.001          2      0.000
      121         1      4682         4682      0.004          2      0.000
      122         1      6155         6155      0.006          2      0.000
      123         1      2242         2242      0.002          2      0.000
      124         1      1743         1743      0.002          2      0.000
      125         1      3752         3752      0.004          2      0.000
      126         1      1645         1645      0.002          2      0.000
      127         1      1049         1049      0.001          2      0.000
      128         1      2864         2864      0.003          2      0.000
      129         1      3372         3372      0.003          2      0.000
      130         1      2437         2437      0.002          2      0.000
      131         1      3771         3771      0.004          2      0.000
      132         1      2368         2368      0.002          2      0.000
      133         1      1400         1400      0.001          2      0.000
      134         1     13056        13056      0.012          2      0.000
      135         1      5168         5168      0.005          2      0.000
      136         1      6255         6255      0.006          2      0.000
      137         1      1363         1363      0.001          2      0.000
      138         1      4442         4442      0.004          2      0.000
      139         1      3053         3053      0.003          2      0.000
      140         1      1356         1356      0.001          2      0.000
      141         1     10432        10432      0.010          2      0.000
      142         1     13921        13921      0.013          2      0.000
      143         1      2662         2662      0.003          2      0.000
      144         1      8410         8410      0.008          2      0.000
      145         1      7765         7765      0.007          2      0.000
      146         1      5635         5635      0.005          2      0.000
      147         1      1170         1170      0.001          2      0.000
      148         1      1495         1495      0.001          2      0.000
      149         1      3548         3548      0.003          2      0.000
      150         1      1961         1961      0.002          2      0.000
      151         1      1000         1000      0.001          2      0.000
      152         1      1623         1623      0.002          2      0.000
      153         1      3994         3994      0.004          2      0.000
      154         1      1223         1223      0.001          2      0.000
      155         1      1460         1460      0.001          2      0.000
      156         1      1280         1280      0.001          2      0.000
      157         1      3418         3418      0.003          2      0.000
      158         1      1349         1349      0.001          2      0.000
      159         1      1314         1314      0.001          2      0.000
      160         1      1746         1746      0.002          2      0.000
      161         1      1207         1207      0.001          2      0.000
      162         1      1568         1568      0.001          2      0.000
      163         1      2535         2535      0.002          2      0.000
      164         1      1689         1689      0.002          2      0.000
      165         1      1655         1655      0.002          2      0.000
      166         1      1931         1931      0.002          2      0.000
      167         1      8388         8388      0.008          2      0.000
      168         1      3943         3943      0.004          2      0.000
      169         1      1040         1040      0.001          2      0.000
      170         1     13148        13148      0.013          2      0.000
      171         1      1075         1075      0.001          2      0.000
      172         1      3434         3434      0.003          2      0.000
      173         1      2931         2931      0.003          2      0.000
      174         1      1298         1298      0.001          2      0.000
      175         1      1811         1811      0.002          2      0.000
      176         1      2368         2368      0.002          2      0.000
      177         1      2432         2432      0.002          2      0.000
      178         1      1877         1877      0.002          2      0.000
      179         1      1218         1218      0.001          2      0.000
      180         1      1175         1175      0.001          2      0.000
      181         1      4768         4768      0.005          2      0.000
      182         1      2938         2938      0.003          2      0.000
      183         1      1291         1291      0.001          2      0.000
      184         1      3776         3776      0.004          2      0.000
      185         1      2671         2671      0.003          2      0.000
      186         1      6790         6790      0.006          2      0.000
      187         1      1868         1868      0.002          2      0.000
      188         1      1485         1485      0.001          2      0.000
      189         1      2473         2473      0.002          2      0.000
      190         1      2109         2109      0.002          2      0.000
      191         1      1174         1174      0.001          2      0.000
      192         1      2083         2083      0.002          2      0.000
      193         1      3125         3125      0.003          2      0.000
      194         1      1219         1219      0.001          2      0.000
      195         1      1080         1080      0.001          2      0.000
      196         1      2788         2788      0.003          2      0.000
      197         1      1032         1032      0.001          2      0.000
      198         1      2943         2943      0.003          2      0.000
      199         1      1650         1650      0.002          2      0.000
      200         1      2552         2552      0.002          2      0.000
